3.177192449569702148e+00
2.376952886581420898e+00
1.930823206901550293e+00
1.717294692993164062e+00
1.545972943305969238e+00
1.453050136566162109e+00
1.346004366874694824e+00
1.249767899513244629e+00
1.178105473518371582e+00
1.152516841888427734e+00
1.101543664932250977e+00
1.064915060997009277e+00
9.987055063247680664e-01
9.726780652999877930e-01
9.718968272209167480e-01
9.000740647315979004e-01
9.029371142387390137e-01
8.634201288223266602e-01
8.125560879707336426e-01
7.879772782325744629e-01
7.834220528602600098e-01
7.835544943809509277e-01
7.307740449905395508e-01
7.444236874580383301e-01
7.404367327690124512e-01
7.107993364334106445e-01
7.211362123489379883e-01
8.152545094490051270e-01
7.067251205444335938e-01
6.714194416999816895e-01
6.657145619392395020e-01
6.810691356658935547e-01
6.645132899284362793e-01
6.551000475883483887e-01
6.596331596374511719e-01
6.385512948036193848e-01
6.482031345367431641e-01
6.603566408157348633e-01
6.579989790916442871e-01
6.750888228416442871e-01
6.640902161598205566e-01
6.639240384101867676e-01
6.592627763748168945e-01
6.769269108772277832e-01
6.636129617691040039e-01
6.542128324508666992e-01
6.525974869728088379e-01