5.823939874267578125e+04
5.608275961303710938e+04
5.568832928466796875e+04
5.379507553100585938e+04
4.042227825927734375e+04
3.363256390380859375e+04
2.531521321105957031e+04
1.891080114746093750e+04
1.549533215332031250e+04
1.340911352539062500e+04
1.199371607208251953e+04
1.085714345550537109e+04
1.049618361663818359e+04
9.555420959472656250e+03
9.259520942687988281e+03
8.605525489807128906e+03
8.345710784912109375e+03
7.760181449890136719e+03
7.549664836883544922e+03
6.989126373291015625e+03
6.862829944610595703e+03
6.469975242614746094e+03
6.213858016967773438e+03
6.148471630096435547e+03
5.767993904113769531e+03
5.330541927337646484e+03
4.173130611419677734e+03
3.124644870758056641e+03
6.185269428253173828e+03
3.592833732604980469e+03
3.122390600204467773e+03
2.960930557250976562e+03
2.818473802566528320e+03
2.697809211730957031e+03
2.616718173980712891e+03
2.430169385910034180e+03
2.517621961593627930e+03
2.291915348052978516e+03
2.181106740951538086e+03
2.192212049484252930e+03
2.080043970108032227e+03
2.191839664459228516e+03
2.088328107833862305e+03
1.946826869964599609e+03
1.957149986267089844e+03
1.897688983917236328e+03
1.878768016815185547e+03
1.865844949722290039e+03
1.946394163131713867e+03
1.758436601638793945e+03
1.858073005676269531e+03
1.744742278099060059e+03
1.613551671028137207e+03
1.708705843925476074e+03
1.674157720565795898e+03
1.772943219184875488e+03
1.650789149284362793e+03
1.721241617202758789e+03
1.498857069015502930e+03
1.521464662551879883e+03
1.503436171531677246e+03
1.403863999366760254e+03
1.344333219528198242e+03
1.458937084197998047e+03
1.384218864440917969e+03
1.388256803512573242e+03
1.336726434707641602e+03
1.394491436004638672e+03
1.299224031448364258e+03
1.340684734344482422e+03
1.389617020606994629e+03
1.397335943222045898e+03
1.272862414360046387e+03
1.296294602394104004e+03
1.347208892822265625e+03
1.307547634124755859e+03
1.273704049110412598e+03
1.382074794769287109e+03
1.314283595085144043e+03
1.206344312667846680e+03
1.211296632766723633e+03
1.188163035392761230e+03
1.179765990257263184e+03
1.206212728500366211e+03
1.219875785827636719e+03
1.187409570693969727e+03
1.182360660552978516e+03
1.123344949722290039e+03
1.204318761825561523e+03
1.212428862571716309e+03
1.138762552261352539e+03
1.177552846431732178e+03
1.155031213760375977e+03
1.108603713989257812e+03
1.149017766952514648e+03
1.091153305053710938e+03
1.122462199211120605e+03
1.198834310531616211e+03
1.093150560379028320e+03
1.124586322307586670e+03
1.170025142669677734e+03
1.079827480316162109e+03
1.062163454055786133e+03
1.075087788105010986e+03
1.112774580955505371e+03
1.116317977905273438e+03
1.127663519859313965e+03
1.064122071266174316e+03
1.080172780036926270e+03
1.129784633636474609e+03
1.064004643917083740e+03
1.032121574401855469e+03
1.041851332664489746e+03
1.045512158393859863e+03
1.025391594886779785e+03
1.017527724266052246e+03
1.021826995849609375e+03
1.050137545585632324e+03
1.101712467193603516e+03
1.144472923278808594e+03
1.051328832626342773e+03
1.045109813690185547e+03
1.023941453933715820e+03
1.088873489856719971e+03
1.075993511199951172e+03
9.793667793273925781e+02
9.503469886779785156e+02
1.003181710243225098e+03
1.049991543769836426e+03
1.022758324623107910e+03
9.717149782180786133e+02
1.090159684181213379e+03
